3728658885304234604
12846657492826569853
93039251730005504
11202543187766209919
14012523505391805990
13920069778344155970
15385925893346110840
7293382169546697809
4581776208299473042
2962402896968480779
16998254840021705339
16089454143807269529
14894002524664875369
12582135104448102342
8786741268201335797
1337067022606238910
7988540757466220465
10079023907937919385
9229111190448504599
6754864921252794552
3712355913483575204
4226677929332838406
12043311747187427942
10444270493929991746
16306130925718909865
11002458425934143777
16077897565129770597
11084633790840123700
8219219327037491833
17525555785564831688
5379051113417907845
1137597928462594303
3431069630101832802
10401072426577296900
8239121027538187438
7521596379327034444
16915681345696546324
12353823760939392494
1836800061674465108
10952792647287914415
4156753935277795551
16266150662454511830
12588348008422386852
11593258516759470493
5892085575149394701
13350572927558036975
16282407917199987459
14839808506082608374
1809815038928283371
4701222536515556375
8352775887177886553
11474237857697063853
12736571520200034214
3087617258702307067
5965479509836006943
672682698961373017
1706425905692301553
10787256468805217952
14416957454342476981
16091580503550155897
6354709646922751258
614044085067425659
9635676364556233151
17118224174768872434
7482092439238921841
5278969761899071488
13137656990033624432
18336290922791870732
14863934825394622959
14349220402141903929
5757110878565952740
6051677889534954513
1185423044589872522
4352563824065914826
6876921698495761340
4101166139980604983
17844972615536386254
1266653573221576698
15368331214006168058
6001087787429682490
1228831334693362822
4779925445588681333
5363907055715914993
16647854987851513352
3918833523349773493
11596934920186256739
8535443243533565560
9379392006102903925
1011787972177708982
1580753602293694012
7893397201280518584
14437972721475810407
8176137053358978323
2270180285466672315
1174728686610925117
9905487365625436629
8006600568079914284
17893131760313173477
2890977990072494784
6447524114455981960
